Year,Domestic general government health expenditure (% of general government expenditure),Urban population (% of total population)
2000,30.41848755,92.395
2001,18.42596626,92.056
2002,30.31304932,91.641
2003,30.21512604,91.207
2004,27.70528984,90.751
2005,18.77888107,90.285
2006,23.28826904,89.807
2007,21.89482689,89.308
2008,24.80569077,89.004
2009,16.87077713,88.912
2010,24.52881241,88.819
2011,23.76626968,88.726
2012,15.37074852,88.631
2013,11.1890831,88.537
2014,21.67168999,88.441
2015,15.75210571,88.345
2016,11.59596729,88.248
2017,14.12029457,88.15
2018,14.52849674,88.062
2019,14.57425785,87.984
2020,15.05597019,87.916
